20 0.055279
21 0.056180
22 0.057096
23 0.058027
24 0.058973
25 0.059935
26 0.060912
27 0.061906
28 0.062915
29 0.063941
30 0.064984
31 0.066043
32 0.067120
33 0.068215
34 0.069327
35 0.070458
36 0.071607
37 0.072774
38 0.073961
39 0.075167
40 0.076393
41 0.077639
42 0.078905
43 0.080191
44 0.081499
45 0.082828
46 0.084179
47 0.085551
48 0.086946
49 0.088364
50 0.089805
51 0.091270
52 0.092758
53 0.094270
54 0.095808
55 0.097370
56 0.098958
57 0.100572
58 0.102212
59 0.103878
60 0.105572
61 0.107294
62 0.109043
63 0.110821
64 0.112629
65 0.114465
66 0.116332
67 0.118229
68 0.120157
69 0.122116
70 0.124107
71 0.126131
72 0.128188
73 0.130278
74 0.132403
75 0.134562
76 0.136756
77 0.138986
78 0.141253
79 0.143556
80 0.145897
81 0.148276
82 0.150694
83 0.153151
84 0.155649
85 0.158187
86 0.160766
87 0.163388
88 0.166052
89 0.168760
90 0.171512
91 0.174309
92 0.177151
93 0.180040
94 0.182976
95 0.185959
96 0.188992
97 0.192074
98 0.195206
99 0.198389
100 0.201624
101 0.204912
102 0.208253
103 0.211649
104 0.215101
105 0.218608
106 0.222173
107 0.225796
108 0.229478
109 0.233220
110 0.237023
111 0.240888
112 0.244816
113 0.248808
114 0.252866
115 0.256989
116 0.261180
117 0.265439
118 0.269767
119 0.274166
120 0.278637
121 0.283181
122 0.287799
123 0.292492
124 0.297261
125 0.302109
126 0.307035
127 0.312042
128 0.317130
129 0.322301
130 0.327557
131 0.332899
132 0.338327
133 0.343844
134 0.349451
135 0.355150
136 0.360941
137 0.366827
138 0.372808
139 0.378888
140 0.385066
141 0.391345
142 0.397727
143 0.404213
144 0.410804
145 0.417503
146 0.424311
147 0.431230
148 0.438262
149 0.445409
150 0.452672
151 0.460054
152 0.467556
153 0.475180
154 0.482929
155 0.490804
156 0.498807
157 0.506941
158 0.515208
159 0.523609
160 0.532147
161 0.540825
162 0.549644
163 0.558607
164 0.567716
165 0.576974
166 0.586382
167 0.595944
168 0.605662
169 0.615539
170 0.625576
171 0.635777
172 0.646145
173 0.656681
174 0.667390
175 0.678273
176 0.689333
177 0.700574
178 0.711998
179 0.723608
180 0.735408
181 0.747400
182 0.759588
183 0.771974
184 0.784563
185 0.797356
186 0.810359
187 0.823573
188 0.837003
189 0.850652
190 0.864523
191 0.878621
192 0.892948
193 0.907509
194 0.922308
195 0.937348
196 0.952633
197 0.968167
198 0.983955
199 1.000000
